// 本文件仅用于记录滤波器系数的尝试
// 能被记录到这里的滤波器，那说明效果都还可以

//======================================Fir 1=================================
* Fs = 768KHz
 * Fpass = 128KHz
 * Fstop = 150KHz
 */

/* General type conversion for MATLAB generated C-code  */

/* 
 * Expected path to tmwtypes.h 
 * D:\MATLAB\extern\include\tmwtypes.h 
 */
const int FIR_256K_TO_48K_LEN = 147;
const double FIR_256K_TO_48K[147] = {
   -0.01460375118539, 0.006272274388774, 0.005516257725988, 0.005111036246682,
   0.004939218739351,  0.00489951299044, 0.004915689221095, 0.004921015544504,
   0.004870805277628, 0.004722877145076, 0.004453332105837,  0.00404764466204,
    0.00350221277874, 0.002817164588764, 0.002015651910655, 0.001113322487238,
  0.0001498525490125,-0.0008439530951675,-0.001819659936042,-0.002738432458997,
  -0.003550380527574, -0.00421717747376,-0.004695134229558,-0.004958492446512,
  -0.004976959741481,-0.004743565016802,-0.004249909552187,-0.003510891888758,
  -0.002543565237834,-0.001387900281068,-8.404529940151e-05, 0.001305415610429,
   0.002724055913962, 0.004095032764894, 0.005356915132942, 0.006431849735377,
   0.007260942400297, 0.007779979792611, 0.007946910249411, 0.007719575268156,
    0.00709149954925, 0.006052008164816,  0.00463347615248, 0.002858527348249,
  0.0007987877721912,-0.001465819863498,-0.003877682657988, -0.00627024932163,
  -0.008577958906311, -0.01067503205085, -0.01243005080848, -0.01371528251274,
   -0.01443791470015, -0.01450679135415, -0.01384269712088, -0.01237998032471,
   -0.01009959083783,-0.006987760934469,-0.003077117869519, 0.001572005421759,
   0.006885216162559,  0.01274879655905,  0.01903891606594,  0.02560009367201,
    0.03227126193594,  0.03887395116604,  0.04523153584069,  0.05116536236152,
    0.05651162338976,  0.06111275696155,  0.06484065465799,  0.06758278194489,
    0.06926215315067,  0.06982663132857,  0.06926215315067,  0.06758278194489,
    0.06484065465799,  0.06111275696155,  0.05651162338976,  0.05116536236152,
    0.04523153584069,  0.03887395116604,  0.03227126193594,  0.02560009367201,
    0.01903891606594,  0.01274879655905, 0.006885216162559, 0.001572005421759,
  -0.003077117869519,-0.006987760934469, -0.01009959083783, -0.01237998032471,
   -0.01384269712088, -0.01450679135415, -0.01443791470015, -0.01371528251274,
   -0.01243005080848, -0.01067503205085,-0.008577958906311, -0.00627024932163,
  -0.003877682657988,-0.001465819863498,0.0007987877721912, 0.002858527348249,
    0.00463347615248, 0.006052008164816,  0.00709149954925, 0.007719575268156,
   0.007946910249411, 0.007779979792611, 0.007260942400297, 0.006431849735377,
   0.005356915132942, 0.004095032764894, 0.002724055913962, 0.001305415610429,
  -8.404529940151e-05,-0.001387900281068,-0.002543565237834,-0.003510891888758,
  -0.004249909552187,-0.004743565016802,-0.004976959741481,-0.004958492446512,
  -0.004695134229558, -0.00421717747376,-0.003550380527574,-0.002738432458997,
  -0.001819659936042,-0.0008439530951675,0.0001498525490125, 0.001113322487238,
   0.002015651910655, 0.002817164588764,  0.00350221277874,  0.00404764466204,
   0.004453332105837, 0.004722877145076, 0.004870805277628, 0.004921015544504,
   0.004915689221095,  0.00489951299044, 0.004939218739351, 0.005111036246682,
   0.005516257725988, 0.006272274388774, -0.01460375118539
};
//===============================Fir1 end=========================================

//===============================Fir2 ============================================
* Fs = 768KHz
 * Fpass = 4KHz
 * Fstop = 6KHz
 */

/* General type conversion for MATLAB generated C-code  */

/* 
 * Expected path to tmwtypes.h 
 * D:\MATLAB\extern\include\tmwtypes.h 
 */
const int FIR_256K_TO_48K_LEN = 591;
const double FIR_256K_TO_48K[591] = {
  -0.0002118762236794,-0.000230103726858,-0.0002483075410955,-0.0002664522138424,
  -0.0002845017046215,-0.0003024194455851,-0.0003201684041276,-0.0003377111474603,
  -0.0003550099090501,-0.0003720266568205,-0.0003887231630053,-0.0004050610755439,
  -0.0004210019909008,-0.0004365075281877,-0.0004515394044629,-0.0004660595110778,
  -0.0004800299909387,-0.0004934133165448,-0.0005061723686644,-0.0005182705155041,
  -0.0005296716922258,-0.0005403404806623,-0.0005502421890803,-0.0005593429318374,
  -0.0005676097087783,-0.000575010484212,-0.0005815142653148,-0.0005870911797968,
  -0.0005917125526744,-0.0005953509819882,-0.0005979804133056,-0.0005995762128484,
  -0.0006001152390862,-0.0005995759126363,-0.0005979382843129,-0.0005951841011704,
  -0.0005912968703839,-0.0005862619208183,-0.0005800664621325,-0.0005726996412746,
  -0.0005641525962212,-0.0005544185068225,-0.0005434926426144,-0.0005313724074638,
  -0.0005180573809204,-0.0005035493561474,-0.0004878523743135,-0.0004709727553304,
  -0.0004529191248265,-0.0004337024372537,-0.0004133359950278,-0.0003918354636126,
  -0.0003692188824602,-0.0003455066717307,-0.000320721634717,-0.0002948889559109,
  -0.0002680361946533,-0.0002401932743152, -0.00021139246697,-0.0001816683735189,
  -0.0001510578992449,-0.0001196002247727,-8.733677242705e-05,-5.431116798328e-05,
  -2.056919781812e-05,1.384123852729e-05,4.887018034864e-05,8.446566231356e-05,
   0.000120573775491,0.0001571387328265,0.0001941029390075,0.0002314070646519,
  0.0002689901247479,0.0003067895612604,0.0003447413298156,0.0003827799903625,
  0.0004208388017045,0.0004588498197855,0.0004967439996064,0.0005344513006396,
  0.0005719007956032,0.0006090207824469,0.0006457388993941,0.0006819822428803,
  0.0007176774882173,0.0007527510128082,0.0007871290217305,0.0008207376754995,
  0.0008535032198172,0.0008853521171054,0.0009162111796199,0.0009460077039313,
  0.0009746696065612, 0.001002125560549,  0.00102830513273, 0.001053138921493,
   0.001076558694786, 0.001098497528142, 0.001118889942477, 0.001137672041433,
   0.001154781648013, 0.001170158440276, 0.001183744085843,  0.00119548237497,
   0.001205319351942, 0.001213203444551, 0.001219085591408, 0.001222919366845,
   0.001224661103176, 0.001224270010063, 0.001221708290771, 0.001216941255053,
   0.001209937428457, 0.001200668657817, 0.001189110212708, 0.001175240882646,
   0.001159043069818, 0.001140502877143, 0.001119610191448, 0.001096358761578,
   0.001070746271238, 0.001042774406394, 0.001012448917051,0.0009797796732482,
  0.0009447807151049,0.0009074702967697,0.0008678709241313,0.0008260093861571,
  0.0007819167797351,0.0007356285279061,0.0006871843913814,0.0006366284732523,
  0.0005840092168078,0.0005293793963866,0.0004727961012032,0.0004143207120952,
  0.0003540188711533,0.0002919604442046,0.0002282194761331,0.0001628741390324,
  9.600667319612e-05,2.770332096545e-05,-4.194574653594e-05,-0.0001128465097378,
  -0.0001849011879753,-0.0002580083337904,-0.0003320629341058,-0.0004069565181791,
  -0.0004825772722374,-0.0005588101606761,-0.0006355370536984,-0.0007126368612568,
  -0.000789985673149,-0.0008674569051072,-0.0009449214507113,-0.001022247838942,
  -0.001099302397185,-0.001175949419476,-0.001252051339783,-0.001327468910095,
  -0.001402061383087,-0.001475686699123,-0.001548201677336,-0.001619462210538,
  -0.001689323463685,-0.001757640075619,-0.001824266363811,-0.001889056531811,
  -0.001951864879108,-0.002012546013096,-0.002070955062843,-0.002126947894342,
  -0.002180381326926,-0.002231113350537,  -0.0022790033435,-0.002323912290488,
  -0.002365703000348,-0.002404240323436,-0.002439391368141, -0.00247102571625,
  -0.002499015636829,-0.002523236298257,-0.002543565978102,-0.002559886270488,
  -0.002572082290618,-0.002580042876117,-0.002583660784884,-0.002582832889092,
  -0.002577460365047,-0.002567448878562,-0.002552708765547,-0.002533155207493,
  -0.002508708401566,-0.002479293724989, -0.00244484189345,-0.002405289113229,
  -0.002360577226792,-0.002310653851569,-0.002255472511669,-0.002194992762285,
  -0.002129180306546,-0.002058007104594,-0.001981451474667,-0.001899498185986,
  -0.001812138543247,-0.001719370462543,-0.001621198538539,-0.001517634102746,
  -0.001408695272756,-0.001294406992296,-0.001174801061985,-0.001049916160703,
  -0.0009197978574634,-0.0007844986137246,-0.0006440777760754,-0.0004986015592473,
  -0.0003481430194203,-0.0001927820178051,-3.260517449755e-05,0.0001322941873822,
  0.0003018161072398,0.0004758540622048,0.0006542950519197,0.0008370196928488,
   0.001023902322022, 0.001214811110108, 0.001409608183713, 0.001608149756753,
   0.001810286270784, 0.002015862544104, 0.002224717929472, 0.002436686480248,
   0.002651597124762, 0.002869273848687, 0.003089535885202, 0.003312197912694,
   0.003537070259762, 0.003763959117239, 0.003992666756979, 0.004222991757108,
   0.004454729233441, 0.004687671076774, 0.004921606195704, 0.005156320764686,
   0.005391598476959, 0.005627220802012, 0.005862967247241, 0.006098615623422,
   0.006333942313647, 0.006568722545345, 0.006802730665006, 0.007035740415227,
    0.00726752521369, 0.007497858433681, 0.007726513685748, 0.007953265100107,
   0.008177887609386, 0.008400157231315, 0.008619851350943, 0.008836749001991,
   0.009050631146936, 0.009261280955409, 0.009468484080528, 0.009672028932744,
   0.009871706950824,  0.01006731286956,  0.01025864498385,  0.01044550540866,
    0.01062770033471,  0.01080504027922,   0.0109773403316,  0.01114442039357,
    0.01130610541348,   0.0114622256143,  0.01161261671519,  0.01175712014612,
    0.01189558325533,  0.01202785950928,  0.01215380868485,  0.01227329705341,
    0.01238619755661,  0.01249238997348,   0.0125917610788,  0.01268420479226,
    0.01276962231841,  0.01284792227705,  0.01291902082388,  0.01298284176138,
     0.0130393166395,  0.01308838484624,   0.0131299936879,  0.01316409845878,
    0.01319066250045,  0.01320965725031,  0.01322106227939,  0.01322486531948,
    0.01322106227939,  0.01320965725031,  0.01319066250045,  0.01316409845878,
     0.0131299936879,  0.01308838484624,   0.0130393166395,  0.01298284176138,
    0.01291902082388,  0.01284792227705,  0.01276962231841,  0.01268420479226,
     0.0125917610788,  0.01249238997348,  0.01238619755661,  0.01227329705341,
    0.01215380868485,  0.01202785950928,  0.01189558325533,  0.01175712014612,
    0.01161261671519,   0.0114622256143,  0.01130610541348,  0.01114442039357,
     0.0109773403316,  0.01080504027922,  0.01062770033471,  0.01044550540866,
    0.01025864498385,  0.01006731286956, 0.009871706950824, 0.009672028932744,
   0.009468484080528, 0.009261280955409, 0.009050631146936, 0.008836749001991,
   0.008619851350943, 0.008400157231315, 0.008177887609386, 0.007953265100107,
   0.007726513685748, 0.007497858433681,  0.00726752521369, 0.007035740415227,
   0.006802730665006, 0.006568722545345, 0.006333942313647, 0.006098615623422,
   0.005862967247241, 0.005627220802012, 0.005391598476959, 0.005156320764686,
   0.004921606195704, 0.004687671076774, 0.004454729233441, 0.004222991757108,
   0.003992666756979, 0.003763959117239, 0.003537070259762, 0.003312197912694,
   0.003089535885202, 0.002869273848687, 0.002651597124762, 0.002436686480248,
   0.002224717929472, 0.002015862544104, 0.001810286270784, 0.001608149756753,
   0.001409608183713, 0.001214811110108, 0.001023902322022,0.0008370196928488,
  0.0006542950519197,0.0004758540622048,0.0003018161072398,0.0001322941873822,
  -3.260517449755e-05,-0.0001927820178051,-0.0003481430194203,-0.0004986015592473,
  -0.0006440777760754,-0.0007844986137246,-0.0009197978574634,-0.001049916160703,
  -0.001174801061985,-0.001294406992296,-0.001408695272756,-0.001517634102746,
  -0.001621198538539,-0.001719370462543,-0.001812138543247,-0.001899498185986,
  -0.001981451474667,-0.002058007104594,-0.002129180306546,-0.002194992762285,
  -0.002255472511669,-0.002310653851569,-0.002360577226792,-0.002405289113229,
   -0.00244484189345,-0.002479293724989,-0.002508708401566,-0.002533155207493,
  -0.002552708765547,-0.002567448878562,-0.002577460365047,-0.002582832889092,
  -0.002583660784884,-0.002580042876117,-0.002572082290618,-0.002559886270488,
  -0.002543565978102,-0.002523236298257,-0.002499015636829, -0.00247102571625,
  -0.002439391368141,-0.002404240323436,-0.002365703000348,-0.002323912290488,
    -0.0022790033435,-0.002231113350537,-0.002180381326926,-0.002126947894342,
  -0.002070955062843,-0.002012546013096,-0.001951864879108,-0.001889056531811,
  -0.001824266363811,-0.001757640075619,-0.001689323463685,-0.001619462210538,
  -0.001548201677336,-0.001475686699123,-0.001402061383087,-0.001327468910095,
  -0.001252051339783,-0.001175949419476,-0.001099302397185,-0.001022247838942,
  -0.0009449214507113,-0.0008674569051072,-0.000789985673149,-0.0007126368612568,
  -0.0006355370536984,-0.0005588101606761,-0.0004825772722374,-0.0004069565181791,
  -0.0003320629341058,-0.0002580083337904,-0.0001849011879753,-0.0001128465097378,
  -4.194574653594e-05,2.770332096545e-05,9.600667319612e-05,0.0001628741390324,
  0.0002282194761331,0.0002919604442046,0.0003540188711533,0.0004143207120952,
  0.0004727961012032,0.0005293793963866,0.0005840092168078,0.0006366284732523,
  0.0006871843913814,0.0007356285279061,0.0007819167797351,0.0008260093861571,
  0.0008678709241313,0.0009074702967697,0.0009447807151049,0.0009797796732482,
   0.001012448917051, 0.001042774406394, 0.001070746271238, 0.001096358761578,
   0.001119610191448, 0.001140502877143, 0.001159043069818, 0.001175240882646,
   0.001189110212708, 0.001200668657817, 0.001209937428457, 0.001216941255053,
   0.001221708290771, 0.001224270010063, 0.001224661103176, 0.001222919366845,
   0.001219085591408, 0.001213203444551, 0.001205319351942,  0.00119548237497,
   0.001183744085843, 0.001170158440276, 0.001154781648013, 0.001137672041433,
   0.001118889942477, 0.001098497528142, 0.001076558694786, 0.001053138921493,
    0.00102830513273, 0.001002125560549,0.0009746696065612,0.0009460077039313,
  0.0009162111796199,0.0008853521171054,0.0008535032198172,0.0008207376754995,
  0.0007871290217305,0.0007527510128082,0.0007176774882173,0.0006819822428803,
  0.0006457388993941,0.0006090207824469,0.0005719007956032,0.0005344513006396,
  0.0004967439996064,0.0004588498197855,0.0004208388017045,0.0003827799903625,
  0.0003447413298156,0.0003067895612604,0.0002689901247479,0.0002314070646519,
  0.0001941029390075,0.0001571387328265, 0.000120573775491,8.446566231356e-05,
  4.887018034864e-05,1.384123852729e-05,-2.056919781812e-05,-5.431116798328e-05,
  -8.733677242705e-05,-0.0001196002247727,-0.0001510578992449,-0.0001816683735189,
   -0.00021139246697,-0.0002401932743152,-0.0002680361946533,-0.0002948889559109,
  -0.000320721634717,-0.0003455066717307,-0.0003692188824602,-0.0003918354636126,
  -0.0004133359950278,-0.0004337024372537,-0.0004529191248265,-0.0004709727553304,
  -0.0004878523743135,-0.0005035493561474,-0.0005180573809204,-0.0005313724074638,
  -0.0005434926426144,-0.0005544185068225,-0.0005641525962212,-0.0005726996412746,
  -0.0005800664621325,-0.0005862619208183,-0.0005912968703839,-0.0005951841011704,
  -0.0005979382843129,-0.0005995759126363,-0.0006001152390862,-0.0005995762128484,
  -0.0005979804133056,-0.0005953509819882,-0.0005917125526744,-0.0005870911797968,
  -0.0005815142653148,-0.000575010484212,-0.0005676097087783,-0.0005593429318374,
  -0.0005502421890803,-0.0005403404806623,-0.0005296716922258,-0.0005182705155041,
  -0.0005061723686644,-0.0004934133165448,-0.0004800299909387,-0.0004660595110778,
  -0.0004515394044629,-0.0004365075281877,-0.0004210019909008,-0.0004050610755439,
  -0.0003887231630053,-0.0003720266568205,-0.0003550099090501,-0.0003377111474603,
  -0.0003201684041276,-0.0003024194455851,-0.0002845017046215,-0.0002664522138424,
  -0.0002483075410955,-0.000230103726858,-0.0002118762236794
};
//=====================================Fir2 end======================================